5120378
5120379
5120380
5120381
5120382
5120383
5120384
5120385
5120386
5120387
5120388
5120389
5120390
5120391
5120392
5120393
5120394
5120395
5120396
5120397
5120398
5120399
5120400
5120401
5120402
5120403
5120404
5120405
5120406
5120407
5120408
5120409
5120410
5120411
5120412
5120413
5120414
5120415
5120416
5120417
5120418
5120419
5120420
5120421
5120422
5120423
5120424
5120425
5120426
5120427
5120428
5120429
5120430
5120431
5120432
5120433
5120434
5120435
5120436
5120437
5120438
5120439
5120440
5120441
5120442
5120443
5120444
5120445
5120446
5120447
5120448
5120449
5120450
5120451
5120452
5120453
5120454
5120455
5120456
5120457
5120458
5120459
5120460
5120461
5120462
5120463
5120464
5120465
5120466
5120467
5120468
5120469
5120470
5120471
5120472
5120473
5120474
5120475
5120476
5120477
5120478
5120479
5120480
5120481
5120482
5120483
5120484
5120485
5120486
5120487
5120488
5120489
5120490
5120491
5120492
5120493
5120494
5120495
5120496
5120497
5120498
5120499
5120500
5120501
5120502
5120503
5120504
5120505
5120506
5120507
5120508
5120509
5120510
5120511
5120512
5120513
5120514
5120515
5120516
5120517
5120518
5120519
5120520
5120521
5120522
5120523
5120524
5120525
5120526
5120527
5120528
5120529
5120530
5120531
5120532
5120533
5120534
5120535
5120536
5120537
5120538
5120539
5120540
5120541
5120542
5120543
5120544
5120545
5120546
5120547
5120548
5120549
5120550
5120551
5120552
5120553
5120554
5120555
5120556
5120557
5120558
5120559
5120560
5120561
5120562
5120563
5120564
5120565
5120566
5120567
5120568
5120569
5120570
5120571
5120572
5120573
5120574
5120575
5120576
5120577
5120578
5120579
5120580
5120581
5120582
5120583
5120584
5120585
5120586
5120587
5120588
5120589
5120590
5120591
5120592
5120593
5120594
5120595
5120596
5120597
5120598
5120599
5120600
5120601
5120602
5120603
5120604
5120605
5120606
5120607
5120608
5120609
5120610
5120611
5120612
5120613
5120614
5120615
5120616
5120617
5120618
5120619
5120620
5120621
5120622
5120623
5120624
5120625
5120626
5120627
5120628
5120629
5120630
5120631
5120632
5120633
5120634
5120635
5120636
5120637
5120638
5120639
5120640
5120641
5120642
5120643
5120644
5120645
5120646
5120647
5120648
5120649
5120650
5120651
5120652
5120653
5120654
5120655
5120656
5120657
5120658
5120659
5120660
5120661
5120662
5120663
5120664
5120665
5120666
5120667
5120668
5120669
5120670
5120671
5120672
5120673
5120674
5120675
5120676
5120677
5120678
5120679
5120680
5120681
5120682
5120683
5120684
5120685
5120686
5120687
5120688
5120689
5120690
5120691
5120692
5120693
5120694
5120695
5120696
5120697
5120698
5120699
5120700
5120701
5120702
5120703
5120704
5120705
5120706
5120707
5120708
5120709
5120710
5120711
5120712
5120713
5120714
5120715
5120716
5120717
5120718
5120719
5120720
5120721
5120722
5120723
5120724
5120725
5120726
5120727
5120728
5120729
5120730
5120731
5120732
5120733
5120734
5120735
5120736
5120737
5120738
5120739
5120740
5120741
5120742
5120743
5120744
5120745
5120746
5120747
5120748
5120749
5120750
5120751
5120752
5120753
5120754
5120755
5120756
5120757
5120758
5120759
5120760
5120761
5120762
5120763
5120764
5120765
5120766
5120767
5120768
5120769
5120770
5120771
5120772
5120773
5120774
5120775
5120776
5120777
5120778
5120779
5120780
5120781
5120782
5120783
5120784
5120785
5120786
5120787
5120788
5120789
5120790
5120791
5120792
5120793
5120794
5120795
5120796
5120797
5120798
5120799
5120800
5120801
5120802
5120803
5120804
5120805
5120806
5120807
5120808
5120809
5120810
5120811
5120812
5120813
5120814
5120815
5120816
5120817
5120818
5120819
5120820
5120821
5120822
5120823
5120824
5120825
5120826
5120827
5120828
5120829
5120830
5120831
5120832
5120833
5120834
5120835
5120836
5120837
5120838
5120839
5120840
5120841
5120842
5120843
5120844
5120845
5120846
5120847
5120848
5120849
5120850
5120851
5120852
5120853
5120854
5120855
5120856
5120857
5120858
5120859
5120860
5120861
5120862
5120863
5120864
5120865
5120866
5120867
5120868
5120869
5120870
5120871
5120872
5120873
5120874
5120875
5120876
5120877
5120878
5120879
5120880
5120881
5120882
5120883
5120884
5120885
5120886
5120887
5120888
5120889
5120890
5120891
5120892
5120893
5120894
5120895
5120896
5120897
5120898
5120899
5120900
5120901
5120902
5120903
5120904
5120905
5120906
5120907
5120908
5120909
5120910
5120911
5120912
5120913
5120914
5120915
5120916
5120917
5120918
5120919
5120920
5120921
5120922
5120923
